x
-1 1
1 0 0.032386
2 0 0.03026
3 0 0.023875
4 0 0.026227
5 0 0.167398
6 0 0.173464
7 0 0.023766
8 0 0.033031
9 0 0.022272
10 4.1e-05 0.07779
11 3e-05 0.058734
12 0 0.071948
13 0 0.042669
14 0 0.199165
15 0 0.185698
16 0 0.041407
17 0 0.0601
18 0.000126 0.034104
19 0.000267 0.099538
20 9.2e-05 0.059759
21 0 0.09910099999999999
22 0 0.061984
23 0 0.055144
24 0 0.07428800000000001
25 0 0.044437
26 6e-06 0.067381
27 0.000142 0.045561
28 0.000835 0.127489
29 0.000241 0.080106
30 0 0.094165
31 0 0.064901
32 0 0.07799499999999999
33 0 0.057782
34 0 0.044108
35 0 0.069741
36 0.0001 0.06176
37 0.000414 0.130234
38 0.000467 0.075197
39 0 0.099865
40 0 0.055678
41 0 0.076333
42 0 0.06643300000000001
43 0 0.04176
44 0 0.067625
45 0.000365 0.058523
46 0.000309 0.107864
47 0.00024 0.046328
48 0 0.06494
49 0 0.058493
50 0 0.103886
51 0 0.09228500000000001
52 0 0.042267
53 0 0.061898
54 0.000157 0.042258
55 1e-06 0.054649
56 5e-06 0.024654
57 0 0.027369
58 0 0.029108
59 0 0.113219
60 0 0.124983
61 0 0.030683
62 0 0.030887
63 4e-06 0.025173
